15 15 10 40 20
20 7 2 1 1
2 1 0 0 0
900000000 2 2 1 3 0 2 5 0 0 5 4 3 4 3 2 1 1 2 1 4 7 9 6 8 4 10 7 22 30 90 77
900000001 5 3 1 1 4 5 3 4 2 1 5 2 5 5 5 2 3 2 1 3 4 4 2 1 10 4 6 42 30 99 87
900000002 1 2 3 4 5 0 2 1 5 5 3 1 1 3 0 0 2 5 5 5 5 4 5 1 10 1 9 29 21 100 71
900000003 4 2 4 2 5 3 2 3 5 3 1 2 0 5 2 0 4 2 5 0 3 1 6 10 1 2 6 33 33 64 95
900000004 5 2 2 3 3 2 2 2 5 3 5 5 1 2 4 3 5 4 1 4 5 8 1 1 9 3 10 40 40 61 82
900000005 5 4 5 4 2 4 3 5 3 3 5 0 2 4 2 1 2 4 1 2 3 2 10 1 8 10 0 46 41 86 75
900000006 2 2 4 2 2 5 2 3 1 2 2 2 1 1 2 3 5 3 3 1 7 7 3 3 6 7 8 31 47 89 87
900000007 3 4 2 3 3 3 1 1 3 1 5 1 5 5 5 1 3 2 5 4 1 8 3 2 2 0 7 44 34 98 73
900000008 4 4 2 1 1 5 3 4 3 5 4 3 3 4 2 2 1 3 4 5 2 5 1 5 6 4 8 35 43 86 92
900000009 0 2 2 2 1 5 4 0 0 2 4 3 2 3 1 0 1 5 5 1 0 9 1 0 7 4 2 26 21 83 98
